6000
1920540202
1350000510
223544838
2095625645
1441971383
1090072283
33591551
462713693
504377689
410880882
925134473
1176772723
32477045
81804573
53301294
1979698598
1117679433
1391075569
196796027
1119362681
1160311676
280035756
122204407
2069585105
824690021
1859060528
812997844
1419661963
1089776876
1205511040
1427774619
862833430
408027902
1651319457
810975427
1849999285
593908092
844566978
165229330
1098285781
1255447860
1090363803
127574857
1287924905
1172168377
180876151
1120139855
142364162
1571951721
1316935882
1261726844
584779749
1596971638
1383931251
506881206
274178011
1095508131
1319879050
1693839974
37801359
377906442
974130945
900634789
785934344
477966754
1711610216
488449981
1071874847
408693546
653679312
22676980
1664141406
1744043115
150251837
804582663
768727844
331127989
1924722518
911092007
1903079710
1094174752
25335203
340375811
543662743
1409266454
847257017
817840754
357290937
19652420
364197081
395092296
397558862
1338328026
1295727085
1183493207
1816294781
859853653
1671943188
740685980
1268547199
178138852
763362960
785204957
1922181968
913614798
1589787620
543426164
1244742787
1367026490
1454518171
1000338849
313717594
1479853374
1340714660
857380337
741636180
40488029
1675221092
1098927117
60140449
2039418173
1494019413
457699312
1230262551
642262850
1641192519
899073684
1502116503
1165652059
1639759664
623180054
1343790912
255638977
1408385011
1118489232
1169253775
850688983
1661915396
266512914
70231825
968949920
1266851763
383949420
301319646
460082775
1241329757
1042955827
500570804
769067201
2141882944
560711254
661001726
1488418710
1018410566
1891264278
2130681560
512119437
642854314
1485314416
1677771496
135130331
2108494470
874078760
390769308
1369395834
1992567992
1560023083
72601169
1506999741
1826535997
142832995
328466013
945904112
526782415
629785659
1405986887
1768112172
1672741486
1906557691
389695726
1667140783
319785297
1050697452
1008075845
1338195863
794478082
991273757
1850315300
1437332397
329104525
1380603149
1572462728
290115348
107198261
1963232036
1659511182
2099766254
1375771471
1732112351
1459282347
1054823820
1874945346
1787748360
2000727932
254244113
270050371
1259231171
2022356286
1942791858
1018305214
264568364
1462448993
1338090512
1315265816
323041190
528802727
2109743899
1314314947
231634380
1399592648
1643419473
1612237529
824571728
1933534821
1719435790
640320116
1445562355
1671718396
2016091587
1030191058
983517095
923431759
757652757
623781807
776676043
1011896870
893832179
2035907214
886769508
689140389
906728780
1151337872
4105734
97335644
319120041
327146924
626138372
281380292
1641461871
857772752
1680972940
1137397696
322526633
358061020
923448869
2041962423
998381136
221527576
1566197172
866989075
1251718635
402230619
1790420834
2009371392
1026012427
419613229
873784614
1919844606
308036795
1760554123
461501347
1214765575
764408347
465607081
1312101220
1083528388
792754005
1938239592
1364908680
286732228
648528696
898397972
1424129925
971055329
1256458992
200095146
865534104
107356480
421622723
284247628
974345555
1673341358
686478248
617282741
1535229102
1712490675
1036895970
261530068
1484851633
1344932765
2022084191
1946352980
412214693
639008891
264476413
1724315913
1722537279
1057230418
1515071857
939962312
1343962646
16116905
1838360284
620608923
987172234
947335629
820704070
1852706338
1054692109
1242326793
2136953967
2029037665
768184503
675948567
498836758
155929957
240955594
1535732729
417460025
1725807227
733181846
292060569
1524676559
1145396539
931069460
1789152972
722228804
506123091
698899742
89817013
1446085403
2042862388
105933918
1136962040
515987664
1093106152
2084297669
1336691734
798328843
991506130
431534879
787799162
873060147
1199719382
1463747729
1371896906
1355649339
1704703323
760145987
1773109364
1283026902
1493327833
2065169933
660219813
491240725
848755745
301889137
1213469529
1354878837
1000788879
1303286543
653480592
896167619
1409220461
1790442632
1412155283
354842966
1727256653
601363369
1153171809
571279136
1032898248
1940970971
1444339283
85133982
1257235052
668752541
1440783321
814454727
1428898528
1066409038
2097481629
774742714
984095323
610217794
1265983439
1832851069
912106931
331969320
1040246258
1912895810
1635255863
1693726850
661579781
896992677
1336685835
2073735065
1251835643
916458840
527614786
257523804
1487737976
1560513035
51011127
784593612
1645647017
1308246179
1453346153
938946691
2122700906
734761034
2005355729
2072698887
1509503748
841967404
535433033
628003539
527334825
1447539964
959972859
1567581083
1212952126
447745075
1113824286
1874531907
1344737752
303026473
1800783324
449089747
1219485313
180914463
706613551
559739642
1741427498
757624678
1344333254
1239590867
2065870857
650195759
31053910
2041088115
1384956793
2036409639
1966303354
746976893
730893396
354252739
1374980432
1258228221
1801792703
187469644
678325657
867261181
635214719
1792149943
594309440
1979952471
2095176416
247609117
281558570
1167178081
428523580
988172121
1726917723
22467430
1745796799
923767329
1262058297
1664184008
1573963089
1293112208
1557788475
811436234
1182038199
1376608181
1558413128
1912931595
1730860920
785909912
1023676169
1385169975
973379556
1702001826
104947508
1608594275
1346668121
699256948
1441063098
1294360889
946866065
1722621668
314055322
1375389645
563310141
2040973046
1397857075
161623292
817256727
512431725
1825807300
243736168
1805543933
1236112127
1055172403
840098484
465236660
466101883
605546432
48613932
1252011795
1629222601
1433783907
77907704
1183740779
1538731415
1686501979
382925252
90504716
980081430
1677286141
1037370781
555219450
1991341463
265276779
1118529592
1884830861
1663133854
1280152884
554603941
28081931
958476537
798340109
1833625864
47105016
1853512512
526240701
512341677
172130747
1131787133
560955609
1424142543
613526086
1994739517
1502050247
1797266865
1385987284
1041068578
32708469
1476492000
2021150008
1709994610
366379134
428885811
1553852425
631655913
1547415403
1291199639
147306119
680084639
1845803580
175388051
1638561176
496660041
2009013915
1685666193
202688906
387770968
50524222
374819653
1519558101
611479831
1798962196
2133084187
458735700
1153528795
1782867404
1844722985
47113726
1815575873
1173731337
2068263734
1378086835
1540110471
349665897
784455613
24282736
1897081300
2075655252
171588856
429682292
1773975184
346976907
2068243468
123151577
208507174
1606426013
325840483
596278143
1656950235
700660137
2115836244
120946419
352138685
2101436784
579682119
1505667481
1736820540
276921456
1552781207
1404912766
1450652794
1473561293
635515953
843279617
1823227191
1419971566
867562354
1572824843
1348143170
1039151210
2002507135
974634706
1386128117
1923266956
1097786284
1594635291
1382209321
1423626767
43429786
891675909
2124286904
11782383
1012622328
328941942
2113219167
1592304447
1834609423
1702556059
1869225904
1239906982
959985177
1172395050
565984627
1595501131
2015674667
241728170
867989049
735753373
1814553014
68648572
1774904583
1669576501
1043283278
1013549052
1445359809
2141069562
460700696
680085483
1417212682
504130482
1571761392
1394015938
515912865
436900072
1722957880
481648384
2029204519
1410083655
36720796
1750946775
502506989
996705973
775858177
1068491617
444723456
644049197
1310219787
1312712506
1379802570
977289153
1381361078
1007223506
499382007
277160708
2020772558
1944741816
270746623
333989606
477343651
1687959305
838120089
2049105043
934491595
1354032954
338521467
509965828
1835681339
220242339
1920049483
1872402135
1971189114
275072825
721624460
599563644
1343564442
1166347917
1243612841
506300581
331576775
475931763
1483589735
1712937853
1483155269
1982971742
1990098561
1356444180
1780229910
113361536
1690433786
110089914
1801320841
381070227
11711309
588328789
1735103182
350232777
1098294617
1423300873
570475116
870860452
1148219360
394180582
1145933277
1869843820
993744226
342014071
888708089
89873419
848314653
1220284864
565805183
184420740
785739069
2048960452
19908834
628353983
1257920984
1800138744
741715519
800871123
1910228658
395552713
1181941350
1921939968
983881502
769560884
124689097
2082176119
45378109
695164213
805552923
1193597469
1089344795
1951486201
915957642
2083089022
146016624
1804665731
25478793
994331277
877466948
591283976
1178752017
1663206017
492760781
1198660851
144076352
1750681765
851315948
885791872
404069240
614060958
1281344585
1586010591
388517278
117742439
208087827
513206375
52434910
253465937
1208370588
857987833
1447063406
150231736
661990386
215537400
85837110
808007011
2020203132
111315903
1802338288
750186432
702599880
833606658
265908801
1195360661
2032267509
409985154
798558778
736099809
1295777026
1202628019
1350160768
429637963
641154962
1738678046
547380402
849242789
104400774
599815312
1102708726
1312771362
1457803145
402288485
1463003098
2119793532
617825885
1548840208
780316895
490545369
1660156112
435171535
1240731801
215272344
1268778193
1506640603
1410633005
1153562055
1916625757
61708135
1889661864
1064919135
1264336154
1092338984
1494557098
1905491116
683533383
2041937500
607250258
787934157
494269164
1709958984
2100705519
1952072309
2112247469
1416224970
1924382193
582589707
817581530
557215440
1073135076
330253994
992386976
166383230
545526338
113681521
1673023833
1956159343
1267243576
1442165942
2017867479
1009421793
359601429
1134719985
2101760777
1854158527
892727454
637810512
1748612379
1499977712
1425744669
95397895
1062453048
1378966541
2047470204
1027216870
647707863
1824368750
1609806577
1465289393
234100542
535458005
1795543388
1226487518
701841235
193586078
1340169040
227381420
2261774
459928968
1669547362
2020129253
1469350761
2029148791
1007365590
1423627891
1735823670
1900093044
2061438403
1336952401
1252587108
1339699425
1432350296
167556509
571182318
1332336853
1194773379
1218890181
1009221955
657096308
536695926
1243322497
1192554313
184755666
322326368
1894395549
378341745
1662495408
2121776969
380603519
2122424376
1643840684
253249124
1444291490
1525505827
1260614714
720435733
1113845850
1013224111
634390488
303314603
118327571
1974089913
1735664900
285884080
397788583
920518105
1480657459
1616678764
1929740060
2137753767
5891043
1025578909
1182824433
190646709
1347905277
929736334
568988454
862917037
904029655
949591973
837857766
400386691
1202841097
134665608
1925892519
315972164
855101341
892254721
1329196275
1489491829
1195569324
1447523846
1316098095
783750576
1733407927
1713886678
1704268681
1066581738
1183081795
1486525093
1056851858
1188972838
364620355
92192643
1379619547
1712525632
1021928977
1948608002
427959022
1925958632
750716327
1265816788
178861676
1953557425
1400482396
2104754195
122045941
108100089
849525268
1451242216
1597591918
2045094592
751282414
766206365
681361521
337206693
332609396
238146554
1403788432
1515691191
1724671648
313156642
557180381
2089292003
405349285
1936799928
1654333987
1427278262
1737924282
2082293009
1205753246
341156962
1200626149
1384614922
147230739
453624897
1341885469
269276680
561724986
43927089
1720518896
11833257
2089021682
324317662
778039622
622899555
661524356
1110649018
861046109
2065312788
478856561
438234109
230985782
1036036942
380042464
636335067
825353223
2034376452
2063613329
415793857
1969185813
1121882927
756950819
1022328315
359014202
904181558
1475953212
1700899671
1173458238
2037678199
1744826761
746493486
2049511456
1686364795
1070811149
680067430
161780702
1732335505
1790716449
1022826811
1650164645
122089362
1461060921
1881150427
1158126305
1841103385
370001846
1983479528
1727996189
286131527
251789737
1549698355
1408014454
1008740557
424543022
1767028656
1912922115
1900496234
1320444680
938896706
1790690785
917787793
1685390192
1692718593
456668940
608717693
225302376
618449642
193569550
2016018825
1641276453
1843734195
2138108187
954853726
1577400974
1148750844
648473464
1947402820
984746724
228986005
86050699
1236536462
1778684360
1494065154
97793371
55743734
1113610162
2010715486
1956239969
286571194
802128544
1599447106
1204358987
340035089
1144682052
1661027927
948752782
1369984428
131993921
1142322333
1238519605
1773270375
838572880
1229144144
580640453
268490207
230411341
1229113917
68409379
1215158065
1458099923
154460079
304210879
1089300635
1648525233
402004250
1145044370
614651747
265236089
953800691
901222942
1067364633
405764149
2105581929
1407399722
1550446201
1619126209
208668857
772946981
1751120130
1350991190
2011466586
1376906857
42080422
1093127083
1957547311
310570629
1323538424
1039177580
378980009
391212841
349793855
533440088
695423721
1439094491
34481673
1097427971
436655213
649133420
1362664060
1390455904
1550356362
282545046
1796220053
1508454644
1689944768
1199182607
980097205
1898613625
1972129588
583733687
1102121167
1836112527
1960640545
1144201590
781755962
1770704208
1454772219
2105294386
662398140
1833752228
349023579
1012191996
219708668
1044447300
303802839
254190341
2141875272
740458052
903323762
1357055684
2130913956
306196476
1639600730
1779650361
1814651120
1182061851
831349320
647264677
933191828
655995261
1230998365
2035312996
344624140
1044155262
1032030938
1126380102
667375822
339319509
1084190840
1329773962
25588090
1433214419
194482310
245296758
330178072
498285149
499487100
324569696
1238743201
1402810862
1681625380
1222173509
1709007338
1173742463
854340223
1376174811
208320666
1685689543
2023439488
1141512494
194201156
1106954205
1029341842
538825296
3625819
2061372780
1665205398
671001641
253208642
601912590
2000775604
278796732
2035127010
47774266
524093490
217821434
546059416
1023580590
542391130
1784802617
278907804
76532862
859492479
1987915143
1250275325
1713832702
1216606306
1458595991
1252038597
1092562146
452624838
1446239754
52032704
1481966680
1985065050
55658523
1395855813
1502786801
726660165
1649064455
2104699391
579952121
1927861187
1992342753
627726387
304471029
62680539
1173785803
1328051620
605071669
811104773
1606959424
681604532
1670597252
1447390919
1931879857
1236946306
516513577
1242992201
341501255
1609075724
1695617039
1787741009
1661108428
1030100071
1625322412
1716766951
278472236
980625565
295943468
1927536691
937841308
875895589
1707914230
782700414
1503621977
2012385260
845380953
529924132
1192953232
1450452623
1341028905
652429008
2132057155
864142509
2099819928
1916453364
2101088815
468849857
1011961917
295106423
2077925581
560095308
2082847432
1591550361
1590195380
1560686196
1160833665
1868667616
393828113
1456777133
1648720660
1331669422
185189075
1209151242
2114369836
1688811052
1074052854
812267141
71251536
119522438
115236116
1412280442
771951447
99809623
128939303
724287727
2016262988
82544471
1193137584
880741257
377650894
1123579518
1440836566
313014678
567646231
883548298
1873700875
1728479896
604732266
120045340
1037773382
105969278
1451714762
1222962457
1315120521
1418600950
764289861
241689727
83384444
835541397
361212166
198620560
100338191
1133163613
298430184
229277495
1857451340
167209524
311821966
903105276
1047950781
689472860
2026684794
341303699
1002487538
446847378
1224851997
728704765
27843626
1829584264
848750106
1065617008
1935553542
152981220
141095817
1103190415
1571582171
905385678
1344880143
1654966615
1740927076
1706092309
1853587175
1841265267
691772274
4533711
2070542762
401739966
171743235
234881080
1304845242
1219694017
924353940
1184046389
1560997716
1926841479
1630893767
638366066
508062596
1658737393
320466682
1356812702
576870754
108536576
1509793923
717966571
1211726992
933892446
1623352250
409123487
441375413
1216795678
2115215796
147478940
910577297
659504422
152012652
833636412
1061244388
323755887
1068517492
218605982
1543449904
1992871433
1402652371
956963973
1772229264
886062490
1595330039
132808212
397316236
1915796721
1489620915
974186990
2024333297
851931190
1692153561
1088576641
1785823636
1168022163
1497700128
79715401
237334193
1465432276
227194341
1147911491
2124936698
379206993
1981547903
1038697438
702962881
902581747
1257303421
98929137
747969532
512472144
1055893110
372715148
1398534635
503739501
505523361
1795850871
272052574
1995144276
622554213
148902224
699591818
167224126
1237478865
337931806
1335246290
587695346
417647207
1572580483
2053127622
644841548
573008326
2030580673
1024048542
407072581
921794463
1727011423
1309654329
31614236
1825940560
2057623861
544086381
734350023
282855362
1942621016
1238089524
788378723
1590988239
1510142099
636039351
66058804
1659044323
1335631169
233282930
749039540
1673562975
1568529220
1336734886
2091210182
993626056
1242378861
588568082
1566634382
1125475886
1612616624
1973706964
2047270349
1192144399
1135877645
2078884586
870601312
1046017858
475487319
1604951335
1328873220
270624687
695557211
2117251943
1861612926
58215662
605807646
1927671730
1717259985
1941438815
13471012
318815878
1467518142
1582000233
1655550764
1411244676
428142641
750445977
1999812759
1994777023
1875921863
1464945735
1821000339
1775708565
509606487
809394336
1707109503
1380207799
1855412195
35113174
837675486
1036801767
305737861
1533232697
1006570063
19867139
1591448360
1612377709
1947538869
1161224697
1406332877
1961009881
1480040575
726367371
1395526466
988107692
2137612048
1823669107
1738553669
1989941159
1670962483
1466991885
1307403246
1344479174
1095216802
1817009733
6389863
654842657
1049733884
1861802058
689955831
1887409370
751120177
995693692
1273158420
1757690240
1015560831
717123132
1222584302
815616052
1878347829
481433531
629142285
1210904757
1207800902
2024668752
51528801
1197929302
1700854211
1790082470
1040386813
1224333046
1109590707
200306412
421328573
57323861
2017316145
427718436
712166518
919566382
142036846
1402122349
659492104
893157023
250332393
1932650524
503363616
1265893224
502290008
1725947918
2081509276
233154190
59897801
563167914
1444058947
1267698703
440353018
1495587748
318144358
2141207229
1138186570
1358531171
1218056628
100293630
1558837583
1639385201
157617491
1428670081
2067103637
869784010
200752815
61656835
124422711
860244919
954813858
374755105
645411796
1458177474
1640648329
1147701804
1036641744
1574673958
1380855994
1096539545
2137841872
677431293
216754601
430711242
25535393
534898959
424434823
1163721964
1893430130
1642491451
1264015594
1304784066
1134393004
1421633085
585970499
1054012993
143933447
786723314
1115669828
268356159
1646968233
2070483687
643111264
144896381
1381177513
136275945
1292598186
270335610
1710949903
525970532
1366875155
1701308127
1203401826
1583629756
2132019369
1228937219
2118528715
408970545
245175535
1864475198
2051461996
1509191129
1021775616
1038371353
783340567
1607746115
2092384346
927274014
246985781
1060570527
1195630173
1893954014
983570566
1838741437
2038850396
217264431
1975017383
1183964934
487600041
1538483638
1709935466
1854475197
1092308118
765853644
1290621305
1076843839
1994790864
1261666373
1485814384
92482751
978657923
1389792733
1601673881
2000433539
280680438
237530800
1460696006
225581136
1164804814
1707681787
1286151663
212951340
1454152153
122238581
2051692777
1345518901
339503013
1879226512
382000187
827103054
1270226503
2091935654
534094603
215050973
710305650
1824715909
1291894812
557612866
938898634
630225549
650095618
1917556557
2020018282
104285851
1770506448
153215072
341816651
1083718806
378796208
1506621465
643916945
1664947872
1719572805
2098069098
1787186453
1623781935
1296104352
2126689466
1355524799
1678104539
806308873
478267654
1622556545
1340403476
693318627
185378548
1017635737
1985213440
742991414
1956534371
467955341
1393087032
1726607280
340489975
1497372883
1349630080
493705047
1839189534
285865238
872501255
1198327352
929782183
389965479
770416509
880367634
29668285
246714796
28988338
8874103
1602239596
1707092877
815182976
2080507250
1182165775
8102805
626342230
1367544323
1025738542
464072022
2110535737
834789266
932027363
1356139122
413912898
1272517338
706028357
1763542979
1766222385
397734244
2049408217
491239992
1596061596
831706753
881205472
218994457
1712074387
910873757
465709254
1741062725
919747860
2067948850
1300671954
1734930837
2000972452
335354081
1743033642
479831034
1702898404
621288536
943903056
1665950494
1456077802
1875930419
874605968
1869990701
1000964109
1580634325
1486050032
619702846
1978368569
1387974601
1110942839
1426946517
72197706
1992148311
1645940975
1784272093
755538420
2111650229
1377851170
1675286280
2032115431
531039477
1262733469
1885604235
866393558
858283463
217951622
421808315
1479572000
1161854678
2087758809
788166154
890301450
814881129
510673207
1891265559
248031806
1996723239
363484758
78916728
1237214193
1474427597
1505863245
1309411899
1319092260
1004320572
946200345
2074630680
968487153
176567867
1602433312
853118936
707607344
717683134
591239524
1574000903
1575966597
809191146
1995809218
908054949
1971045824
1936084379
1696221104
713863626
603481860
59410663
457645538
851513666
2056133903
821130296
930430394
1145864448
148074245
288809992
307792699
1467166505
1293130564
1253993044
1394313537
114134070
1430560912
849263201
967253006
2138168256
1566946335
1558492530
1564685511
995429285
220200028
1413011081
1903484234
43762205
1201611812
1452221690
757625831
1805093672
1511632354
1215271369
509123691
1420282609
2036401665
1439554085
418663409
36992262
1728364077
726456108
1504158767
874010994
1980449153
750988656
988145064
1263526417
1600251858
1955398070
1254211025
1019714545
1366406953
671412889
2015143830
1586606981
2084423970
1771144417
1630369186
1138552135
1075882459
240511370
796162159
440031165
1455782739
1305285850
1860313774
1344700757
597356288
131493535
1381693019
178236717
857949644
738368139
1052247711
690915149
1489356795
2040392775
1954441566
942125005
1848307198
1061168943
1961839551
1067230503
1732581832
1829499733
506353836
1669522155
1453160502
2136723023
660590642
381559314
229750745
1456752801
821590479
1685533484
614555004
534420606
882750593
1211911292
665914141
116959965
1390148009
1523863785
855328104
294912073
67295286
197201251
187821200
2021736852
1139326257
2036128398
935422148
953682160
955875253
520520332
635698245
1462229090
42558839
2088858748
1451468465
703149481
322934414
1681219210
12418635
1144524893
1219269046
626973639
1678945499
2102019640
1838884931
197375993
71495957
1081549292
1721239778
926824061
1376461365
1788535065
1124025312
1564282566
1662788269
115867921
1452927316
450726769
1069550081
261318922
971247102
1705248327
1723548012
1013805941
1646623427
1027532829
1716955423
1969557841
561268391
1729374058
966599086
1780537437
208864049
498060938
1735073429
2047748980
695436931
1806569386
981814624
269193061
585909799
210792342
2057728126
1709935112
1775074908
1573032748
1825803033
1080518576
2023759517
747869467
1341837498
847522971
305634146
917901862
1861328913
1952257573
1945434691
1430800688
1774331766
359219434
1012691098
593447204
2139756872
1221555147
1091508142
1727346653
1121820479
1786945073
1386432392
2103635103
2056138135
1972342191
166943797
1966382613
1534793655
1942018705
1391931713
1213113041
875053634
1268207583
1960982508
69407484
2115730554
119133006
987309347
1829575819
2071390579
785260390
1112892859
1698238697
1144479825
2125583957
144202253
1136753049
1199655456
1235710396
716616054
173992287
875171821
2103048446
130143743
783826308
1927906990
297087540
602725274
1315216997
91622598
1994656987
380846390
966676232
1115380922
194345250
1036083716
1083627829
313478256
2023393063
765720000
237385187
661169806
1878612860
1935623884
1805649631
1856713169
2079826138
794919032
908884978
1168052886
1511535086
1082877265
2043224707
1467099885
1213021008
679567368
1247523227
1510108549
1282292642
415256576
1601731147
1129465981
796102967
420923731
97363256
990448217
1457007447
1180991085
1303926474
1332916863
1946711085
1541311661
1994086669
1677840297
1329451898
1652252652
1387069819
1261794388
299688036
148471149
282363626
1811223122
1231348414
178104685
1130839359
296885775
857672053
230878938
1806994324
2139964695
646135515
1261241823
1121947029
1442238482
1682165554
1219310285
285203051
991689353
252817722
1589129525
177122568
52045159
982957539
23725589
1729885457
164925789
1675978241
969471628
1426720177
1975666277
1117942777
1709083803
1639405752
201807543
1887188488
622761463
498693318
597376894
853640402
158203994
589857941
1499775917
1419445817
1711804970
794530751
954127723
783631607
1079733802
1945817077
1036449329
521379680
2122939645
1088494489
1504337219
2146665235
670896298
1669263008
1675159828
1640367926
948499537
1503342458
610827055
510099692
995264562
812634598
249804532
1618026025
1311327917
847181426
324182779
1469531911
1437039368
1823958696
741494081
1001360690
471005799
1695621804
1784992298
1550739602
1493955233
673957979
2072119282
1469411231
1762452468
1428972853
1468592818
285865118
950752213
996268998
1926233044
1899251750
352127808
389576451
261867794
1347392370
1202211050
511672326
817934748
366055319
1358853753
1142117527
1835587230
648409473
818592576
429597663
1649770163
1289598375
2125219468
1287278813
692854329
1471691053
1961236793
617489963
793618636
1576205613
2046462816
114727806
1862070732
849731381
1110996805
1640820128
601499483
1463124613
2030396580
863367277
663033336
1085123982
1375039604
1480968084
1451179301
586409709
475601963
1139282883
1234819182
1294194539
1568880547
737105697
436309267
1546616367
2024384511
1129163596
870823772
1838137656
1746653560
1664442409
1266859621
1645632728
1779170215
981446705
347880462
742683372
474783186
949379945
58324338
357696118
1812747223
721357674
1442820100
1040303179
54842110
746515753
1626712888
530444073
1885798636
714048422
1824638613
1307195535
1451154119
113464232
706328254
1328054982
1242627828
1577152027
1018708990
841797740
1094110788
138084964
339946821
725797355
1119531669
687827283
1468480728
1594314855
1637207228
1526805066
1952010973
1302470803
100679092
1247347425
195290334
155521202
1993863178
1822003222
685965275
1732178167
388567996
363120240
891890054
1839722116
476584472
1598218309
1020293450
1719212301
1027886688
2039002441
413526393
2121997476
29603757
753473214
700311183
1149135426
1441300497
21308263
595966634
931024078
1548113329
400493959
86011233
1648792421
1647841385
281301568
1804313623
1494220915
2103304790
342795251
1078915434
344389139
705915491
1970805489
36627607
1182499964
1421540150
1056921057
754228617
301943190
948439850
1167755010
276457018
978043607
1921228225
976768201
2127179034
1215045074
998076465
575662020
2146069152
398706146
976155979
84596738
2047498568
476513716
365898306
1704328543
1970734632
321719448
2047123794
902166418
666108587
605555638
725488259
702736194
1788055602
2147028409
1759657252
394800571
301487951
560613454
1562555581
577944969
1538657062
1336300158
1554713171
1518352448
403861585
405305988
2094014468
402447089
804012134
922686799
487043827
704027054
1399200516
852942133
260871950
1222451500
1174661582
160512096
2124617918
1840770169
766067734
702622530
396022716
406639688
702167291
8196320
801440259
1003655243
568809774
216512193
1581600212
2107466836
1552812351
988829735
1478335636
1956673936
1394135723
1424866456
211637378
50664210
200069608
698681205
754691264
1599270124
1551623339
1015563214
674237976
578801273
1176075311
651372246
272087794
1942143045
1353994776
668110510
201299086
2056162068
676306830
1002739345
912333663
1245116605
1219251538
346450227
1205099793
624580242
1335279963
535951782
433770530
581932038
1960818238
645407908
632596248
13404198
1344089114
1387287513
1612674322
748228805
255367079
139428650
1327030078
1431442390
790800897
1599117872
1226101788
2144795673
119744735
1427400874
2053474093
796051565
282656571
818324108
2041168170
1501908110
1164774336
1098784316
2126488352
352570651
1634736098
412775234
934502689
1448070688
1058183143
1567098938
1461474887
254788609
806902803
926665561
1003017414
1062269882
1066094212
182563844
346228625
1856895109
1781681716
1572330413
1854207134
1901426451
852247639
1760197580
549994369
1134904210
431038040
443678891
489328672
1595812376
1542463207
468333376
1948383027
1029715657
881108611
735402069
330302698
1939291754
155017359
1791777585
46596715
961920162
570959498
1049614129
2024190044
1637053710
1232177973
222935021
1346465171
866376041
1795265434
1053188658
620318845
500029425
665902590
1170313214
1634933636
1096940630
1613992105
2124262308
545269359
1008971665
445112037
346168738
2038687322
1326220648
1081570807
221506372
1118028754
1236588166
2013283957
1164625469
51024680
436759808
66755950
2075214725
2073813518
1298933923
150666098
1272795042
17826316
1945931533
178500052
638145161
298477310
844402642
1808458375
1933410946
1941343272
1274966833
1910189607
339128983
136454850
207817996
685297722
27658524
1534038644
1766868529
249164897
504583750
855973048
114965206
1669209219
906997728
551725014
1735965169
834728805
478054885
887415444
985394904
1750849927
905241760
783842789
1929349979
1543386922
1082320099
626268973
1204361649
868247398
420128597
331844834
630953357
759257581
468299684
838771353
1444555303
495958209
225326349
1063940184
745123106
729910099
1919913232
860088312
251635670
679427313
1411813327
1987600839
1514156118
1889868212
727532635
352067374
1493234491
1632774395
1135910163
1275100822
1028677669
70746615
1901369795
85555671
938994013
174014744
417400505
1569947370
933272325
885700190
261235075
230343980
1381658399
486561424
1294284165
2126781505
1216471523
1066713749
839386169
1468107193
1746141062
103715848
1308224384
1112813533
1993584060
2035757019
1464880907
1339334903
1521047766
453307423
466952077
402241788
524054038
220838224
487797459
1463048051
394852969
905197964
885511773
1328125294
1790898154
1146746848
1558469275
1025072905
1633308272
705269792
1004370762
702296147
1771983541
1843756932
22919692
1370640956
1947472780
1331144076
335970841
1793573193
1219417447
1800851748
985424448
592981565
106675523
1452376526
995223353
630729561
1673214750
1483020812
2093777612
2068067719
240735129
831805737
1248709366
2031633283
1978552585
659694993
909222541
1464377209
1364964785
1913593303
19189708
989464678
1609866587
42109400
212621986
1409855720
1373253476
548592827
1055945265
445187275
201960928
2041369713
1038168841
308636451
1346262591
2033392194
939366013
871993694
1368929359
885659977
792577765
1609664488
1717465715
2041287131
1493814123
1548534652
553498476
255553016
865428214
1918463261
21662672
884617922
760444292
1631529259
926727323
973066278
893901331
152497151
1521659106
1949846596
597684427
1723620034
1843732662
1635853268
2032256485
1042511605
1521761814
824138850
1914505299
743207525
1709798828
559599417
205388365
1279780895
453402900
1699202489
680831899
1006901377
1954755505
1546260113
777880990
1976418177
283394388
1538325282
1460463789
1210121711
363907913
206881472
1362618862
1885567019
9244421
1960303289
1461703405
1852977083
1448672909
1346476242
748005040
822951076
23131445
515026692
1566158601
1732930273
1074626109
1771546967
865227520
1528029009
1323265808
1546059419
387446738
1130537665
944835885
1165327729
959472195
1228230273
556169363
272452336
290868336
920077276
479333808
1653487198
658160647
488578229
1466306840
2119864052
194071664
767496101
1318856647
942076705
1590447177
1341988092
1457103397
1009122131
927434717
384245858
633185450
1792662237
1912274867
1956451258
1191238008
152237958
939505275
2136073893
1317565687
1898977470
1216820518
1873735050
23946158
1507688854
646328679
503279967
1013692405
1304489326
991858196
332515597
1276869731
1185929861
1100011698
448242730
2128006566
542975228
1790230822
1437626315
1552097359
570181891
1821872173
37799161
215360480
1586663392
1994250419
1406598488
1738901350
786272046
1395188734
908983389
537765869
464525604
635234792
561712027
1972214459
1281563471
1064991994
838423216
438569149
2056850191
1170938813
1715438880
1095296404
123466863
16197962
1075819322
666442091
1806428784
365961989
71055802
229127027
40350514
108854963
444487507
1627013906
2103105382
1851085996
1218431609
741893781
1098791082
2127414998
1279659650
1563316686
615166142
1841371677
1388047497
1896729613
758880024
78987065
187815115
668246567
1249925878
1903253995
1763542971
1373392742
1919451958
691878645
2039834833
1578397094
1057840634
2110890636
1807524122
1098191148
72261951
104527981
577721406
27883686
1955613977
1796153015
769777467
906921411
1776084366
2049437117
322754450
243766860
1743325146
1710801947
2140496474
354721522
1789789013
180827941
1022968089
892231243
2084081936
639027412
118140337
1856050246
1330906057
10491523
1286963693
241263043
2121382159
947004167
1339454191
46160462
1051532148
1917175598
74044148
859662478
1565844965
843821615
1766583889
1194445683
745775084
2089338339
1438212544
341616583
1652656639
1431225370
696338105
1294962004
1612053311
1719306195
39709599
1548651599
210849959
157849937
1257218198
1541756017
168341460
396698243
1783019060
142239971
1343702410
974989604
188400433
247750910
744681554
262444582
1107413388
163042871
1106266197
726513630
1357488555
1852041282
668368321
648217451
46174217
173541312
2079442821
742512322
1468503316
1544012484
314334869
1508212916
945180435
525184829
1666062853
54914985
2066940846
1834404313
451613228
1702476258
1976644284
1795315638
529982214
17561069
2043066549
1274663768
280005651
1002996289
1437706640
1386271849
1729509919
647711547
1090829483
250394593
1295928998
1137003700
423935905
1227888171
1879516022
1892439222
624417007
46367244
1253168490
1569597442
571552073
771747695
1624512428
491009271
458668360
2076125656
46001881
287828996
1723957647
575984096
305390065
1619540548
1850647864
585395717
475053189
1140870856
1971667566
57079461
1788582403
915013401
307474054
937027753
2052017101
731409959
17432276
1784049475
476365533
641849283
1830416719
1729534023
63963078
254485144
353798070
1688475506
745494415
812466430
1617117514
791496297
1100295426
1193591513
1367480393
1405685492
665648413
1070644609
1991081209
1140701603
64031818
1815265127
1197781064
1852614221
582794880
1505255118
642158327
487328333
89181429
659590603
123894160
565546963
1301439887
1954310880
147597338
1365402965
61312376
501395409
906394823
806806792
1313861839
376028689
1598303089
266673618
1569620203
818299834
1672359110
87784968
1888944443
1515956671
1228486571
1952976261
1183738150
278783987
1658106835
1766533030
1784039105
152781514
106377715
1873220535
812372117
230271875
291283850
2113812004
37099107
438881188
1331731321
98411484
940276597
90642496
905218276
106654789
466671186
356037717
373328407
2036291389
1174337551
2045687517
2124076357
915798346
1414160540
1205079281
721290960
450415042
1483863268
231914147
69464424
1120418726
384695661
175842139
846155613
1197067778
406114014
1137439463
1163396135
443213122
1576320651
347643808
541624606
369113601
438286305
1446842882
475768390
904957491
1802880599
849096797
793765232
829734502
747300666
770357941
1745532848
13977558
1975437222
319340160
464392600
1311816843
551254307
533857024
284751921
935949968
709699163
1130907534
2133017747
1115813177
120863349
1148930234
1559026299
1697184000
1496574042
2100650905
2066297601
1934860347
1400010139
394582343
692334190
1055407090
1243679140
1486099422
1885141592
1990979806
108973716
1483190793
2004957364
2084410938
1802530953
321866316
1248744133
206301613
855723340
1533496054
1142251581
1565422503
516919940
1127785680
533752033
637783289
129232266
2092778332
187483642
1625806309
2045945590
106297595
1413183008
1298472081
500879939
2105517199
206395524
1744559079
1444132973
2091537116
1588055238
1553106689
1427244261
1445528954
1490033980
1082291567
1767395271
591294465
1288593180
475634963
2124790520
283361113
2041057467
494226812
1411146794
427325852
1132010102
1540379060
372620536
1319493744
1018701721
271082478
1425791339
284401082
1569554560
1926671278
242434633
1775950084
1523746710
1686567606
1720003552
964318300
1092190648
999764166
262363606
434740980
2082055733
2029758877
1026035445
1223165265
357910193
1003342317
1506526378
251484012
1497569130
770189524
678809864
482095584
163084937
1051430400
1801589328
1181786658
1322512879
1079897019
1466187740
744583791
859084650
1708622373
373050227
235347712
1247706332
2093053779
1199666012
192413332
945334297
1462029618
627154312
879906382
1344304848
1653189757
2103071647
1702215041
509048427
1462114378
1953699053
2006617557
84820254
485025269
341229493
247905191
1536455669
2142818821
1429691850
711484900
1075232192
748395942
1456068691
1934316842
309534668
1829118918
22180906
1557241000
1774689050
1221846918
1749654332
572539699
536392889
229324996
1452446082
1880697737
1882514753
1408034081
1435429130
244079532
722664811
1241644535
103213441
807485066
1726669804
444442934
1055390257
1115641825
439778107
337598459
1827126726
1515010300
1085994402
1135711769
1301843494
1395529070
817347040
1324024401
805286422
444552442
398387671
407457106
1017092141
934780560
636782102
322054575
667994649
371813207
1730088657
2103423779
615892740
305269820
1197584666
719106181
1112754886
776770822
1163549116
20661496
1892412648
1603327223
358259955
1572055726
970853875
1444254357
560283847
125213722
692299779
1377630887
1449238123
1497586201
1822183329
1847625794
1905043307
691791823
634922707
394341761
1013846398
1302917356
766154969
596451407
1258857488
1382047709
901721228
308958506
2101153890
2014476114
1085729329
1117219358
2035137610
830658329
573062934
245913918
255230407
1543916809
1690168275
815514254
1669130531
234984407
45661494
970885006
1732570608
1867844823
671027153
1490130268
412152998
1305949860
1884472029
1425999397
461383568
503143350
2022450804
1720241056
1885191059
776688384
2029199563
1838861302
643680851
967445244
808597012
531334813
1798103573
1381659946
777248731
2053333980
778093108
319933359
721364586
299739991
554917766
767026080
1270624998
140004726
487387256
1941652151
1630134994
899540254
1100118363
1367123376
178056003
1561501931
1870266726
53023160
1134259340
1607974138
829711544
1015975255
1299351792
1473392395
1983420499
2107948804
2004727209
1634040424
1342125103
634492292
1539890756
2120218211
954425651
113771694
272474554
1509343417
880797775
1543099552
1649348144
1368185031
1337268055
1131999490
120241637
289902770
351639218
298297641
1851404702
74422297
351320801
838180394
1682396435
1181032345
1854155649
834264579
506941093
1690092500
794729735
364184654
1176649276
2136854838
998676946
569056384
2109589401
1953102598
682828078
234580308
1314962367
1563625853
1777679860
816826863
784327236
967464268
1948826354
904568874
1257367038
152981924
1202866515
961288092
227404221
1554187316
1799468486
1909800656
587736013
1506140487
596581587
1094677106
1048749339
1391311323
1458861760
77914967
1380682513
310055059
646971351
1342788267
115674009
1329799430
1577368575
1430636376
745941635
1207564787
99979592
1530268872
27545407
2048805946
287354098
1284912446
54304222
1490220613
98716890
281708444
896924281
1898185377
44025452
1484660294
1256842216
640607040
431853753
158107908
2031918363
1890715513
236022875
1265117228
53286924
882994227
460421847
168960933
65310009
2037790422
1599597310
811251644
1097871562
1699576902
194036868
1125416969
1600899200
481390966
262845767
1655203422
1971611579
361562658
1936911866
721052212
112264387
1980937319
58228859
1369106603
474060711
490082612
1527214511
358495426
233314477
1763237387
1623612654
286601402
498747966
2084034502
455562335
564057975
1974341276
2055159645
1375309619
924729190
1607252899
1569346488
2050146160
1060668451
2050737454
165508279
568388226
1874865386
527070937
357816444
448433950
639335324
191270115
506662809
2008441928
665330826
996745421
1388172791
1023826252
1230059899
1003926530
499955259
1516661301
1502674496
436506113
1972223636
2066732471
263363741
1879899634
1294558443
1188092932
1339668885
716421283
1090755444
252853689
619675089
1256263723
821241915
347056827
1783334661
1179058359
795490778
275186337
1370328475
1302153587
136144617
2035659301
151415361
1524317409
912001906
1381475260
380760291
1411957165
750652913
1883434788
1848463278
575392901
1802683611
2111827019
307808887
949758406
1152436303
1647477773
1666179689
95708099
1900331462
138371131
1351971823
574089729
485427958
987822836
1753148088
1280918736
1263009173
975992915
435588676
1399153791
864168569
587004037
775987552
1776170475
1968479297
1156747843
1040643992
571648562
892698983
741623622
1147041463
547898947
705966993
1454850351
1497657353
1858403297
954844476
1016353395
1954111396
707692290
1154724526
1158599571
1281782019
1640152484
2146422407
887446459
773587573
1261947933
1863439375
1209176249
513618076
580124296
1796180286
1289605628
208811123
1617175935
298869823
1249455115
41340849
1191568807
1991078737
1188382312
1739467754
549562082
495749015
1089641459
260481731
1450593491
2105994854
67109480
10802133
1113235732
1225709051
1292584152
605904569
1224647811
32546964
1379492142
339112096
1895986339
441184743
852730172
328626987
89881381
2142335800
537438110
1707057316
293721975
1786893225
1748398165
1485290782
1630488314
789296829
1077274888
32566748
1285045845
19432700
293048480
588155688
2125427554
360157960
598957822
1091179639
1585867011
1891541974
1697084208
663031174
1924088938
929092702
1002143270
1672591629
1370277445
1854873442
2001218616
1460158826
1849725594
391173078
1019732494
2143447570
30582655
620647011
1481254704
1661070969
1409943840
411045945
1693637718
547506037
430478645
1986686198
1135661726
408422551
199360510
1734619548
1499602190
1785227521
1478677874
1049202750
300775048
1255283165
1978295452
1302918318
780391146
1201089249
1010308113
634126115
513764427
712550059
1025299193
1533496921
708513981
1055881849
6660284
42285038
569469170
1416604125
453330983
115623240
1964110162
883809628
2102309438
952288240
1292232179
154186300
539424140
644350722
1939413822
2018102015
1693553472
92705222
1125901532
1524365277
1395623540
1906292678
577970878
258448005
392935145
1091735306
970998065
1418234339
477748579
1679512046
326632540
484408864
1721797084
896101710
1901012989
27644419
1011724951
1717639503
911454047
966550741
522444096
56202579
1120737042
1061868236
700553301
912667216
932486603
246623125
1005372438
2058388135
1770988402
253512330
1817197166
201475633
511960336
62648663
1293210939
1482958401
1480883002
1770959518
1014986799
1807515542
107884734
589300236
556133605
2008897723
616944655
1567858556
1579053579
1528398703
386925649
2101497675
1584601282
1507662691
1015882263
137670935
272846259
1948368867
384294060
1278218697
1859273354
7798815
1531731028
1528986872
209274448
2043691364
1591635536
1502485387
1379166117
925034890
1125961257
246669268
585066785
1233845992
835969504
1141200390
1095260067
1452914160
561575298
526829998
833829215
948500947
480844025
270946849
308679991
1496726289
408617784
581526250
1297611508
792911844
1859744948
1009401214
800710659
1243992328
390904439
1009985107
1140200044
1982539975
364986846
371882513
760091217
1490948104
618551781
1345158002
577310448
1454521286
338874744
1672570515
759951798
900450042
51916866
1593781013
1848950990
532760891
1864727862
10147333
2029487180
125861998
591673583
1179615040
918773842
303934883
41532607
1719484502
1547927211
432437046
581985961
540643607
267493373
946972808
912526120
1027584590
290437264
1531077902
225258945
867747712
838115540
564133689
392834579
1598067338
1464583732
444751445
1044364703
1166051074
977512337
761608917
1176198407
859515869
887470915
1767871990
2039130910
1806244757
2071806874
2080663517
1378245611
1472250437
365616915
1960231573
2012894045
633110288
759720733
777936517
1660694878
1050157997
161530771
1885953823
1917905709
999646311
302603865
163256640
450230001
1767187597
608008086
1494594704
785755023
1585520423
108719973
1961953430
297552644
996190888
1582341772
189199906
654951998
1506664998
122379775
2033197609
831431788
487996690
1845945534
696842185
1121106978
458182619
1474778702
634318209
1508340616
1636309474
372788384
1278762677
488472137
675392249
1442019318
938702139
295096198
2050027404
285813195
1080851221
1488064179
394533169
895321003
1785616823
1390724057
330179128
1974816730
2045676055
1836844126
2097196505
1931390017
520792266
437709548
1629851903
1217634451
1558816526
2088034523
544929506
45651087
1448891491
33755332
418439472
580170521
522227469
1093831721
2022189839
1460929608
1388927920
1924733595
1746742804
322295493
1265314126
2141275973
1217616497
903447301
1384516382
1547795625
730780383
1282708790
1237156103
680493241
1066615159
1757948370
1118202789
548983414
828099173
529535667
489534289
1373028679
575186755
1938425781
1406784011
993626227
371112654
1929011481
2087457948
245818845
1242457441
1328902220
23068792
841716597
1651197714
1288382918
835508922
721330563
44346571
72541657
121642540
775126955
1355250447
1358798643
1455620196
274381958
969263365
426339337
823365372
1797362539
955875004
1312899662
1022907570
1531061759
1103841795
282207934
377204338
1474954449
63735767
317178639
1720773294
1306193208
1646080859
1743842086
426158
1149794925
884741356
835935080
1871125488
929087927
908476737
1992768028
1704214882
116243536
1204083024
1012351430
390625494
25862741
1438690767
1213990867
1823225280
247082124
379406881
698649203
1778143883
1483248676
980857137
7864574
810719477
1044592904
325043213
384009123
203302464
1971124072
2127851209
203728622
973435350
865108917
1039663703
697077190
1794196844
1948140440
542361571
1350928079
2064383977
1746444595
215795861
307525823
1772307336
1654486629
1521516690
1448048969
1901568753
1900923571
2146698172
1532228988
1236688599
980071661
1540093562
2047408076
2024664565
1865136775
283933551
80483381
1688777200
264301112
284212004
514728902
1129410029
1323875707
1211806092
776123226
1124532499
1754167663
2127051305
1041432828
1353128610
195363518
1348958652
977952299
1849850147
722991694
278517620
1603935252
476431618
277732144
988680593
1713120217
1257803805
381290507
1613044646
1134984722
98943635
1896978197
1215468103
1787720835
13795662
1499680107
154966089
1143205691
676072166
1366772181
1919328917
1800604666
973456197
1898896574
694553846
179101159
2094260093
2043512498
1157053458
1796626592
619020545
1435571078
1253078197
1095452163
1713303222
94275142
661088732
823623379
475565649
126649730
1958608101
574509284
2023627928
1026592557
214746471
2037423590
378789016
369712560
1033145633
1054861183
1736484742
804990903
707982201
562457291
556403829
1402536047
741558450
503180274
1298564898
1898611909
152323219
1917585443
1186699339
1405401416
865553958
752518914
1499676558
1526642690
1576142293
1975242207
1653292421
1387266747
402267844
1529436701
266375656
617014315
1419376643
645164672
986726876
305038628
1700025855
575727970
1110029531
260524408
1138185261
1666433361
1663060456
1879743711
22129987
814141706
1630871972
174453206
584243501
670087664
1579854622
1449797459
1422606578
932047532
828956501
851265223
759806092
334765274
91048322
1162073936
1864201975
357423978
1779088251
1136094970
1002588651
618331479
1441133599
555130858
1194059449
403679482
815655267
184761062
2070112843
331232075
2064504774
2092242831
1145373781
1547893098
119212389
1729617282
70497114
1699067012
1031931093
1493103692
483630896
1860887594
196885268
1243436988
48169221
287933590
258027276
1912371196
645357569
2037115528
900982519
1647946220
507963359
194632470
55593430
1702022809
598311952
871248697
1886783871
520941148
1202480772
1803804997
465700331
200370905
1204214448
584912720
1929988187
1274711562
136496084
814435632
620331607
620126981
527839579
817216875
1863563969
576008800
1105150465
2121591246
340896348
1750508034
2011223126
1241878867
1250970606
371702837
1436511337
1306564037
2073725646
2034823290
30329086
1813025870
408280790
1232809859
1469347219
873981121
1433180764
526078019
1458893841
1215685304
1800789582
1595389926
2030120936
273637541
68033259
410476867
1090854416
1931597228
986485667
48521233
1905704826
1327382016
1799029268
1769444304
421777235
902516226
2141147142
1858288573
61596615
2067389140
1745628215
91925702
1732931362
6425357
1324735561
1054794934
880406478
610432677
1580872953
191816671
1826117981
1234178887
1787206597
1708755270
1507816428
1855239856
2119232137
451187196
1639353437
958234157
499708430
1397574615
138132525
151254050
1019535272
559909760
1053770276
1013198766
270714685
1115366892
933104258
2016342900
1207292594
518551973
2022768257
384544507
1573346907
755691087
994977184
1006736212
947507759
673611518
93431452
587230708
234883140
1601247880
294986917
206631629
2052435077
1934340354
1164865786
404659859
1184431321
1302998311
555913909
56482945
1862908072
1609684185
1069681711
2133622757
577567429
2002785970
2002482010
1784860023
373854295
1877766619
21920882
1947201202
485974059
1016898067
806453766
1433481818
1690509585
899885218
2020712526
1925392725
353649451
168215795
2132024354
258600880
2102556149
1149406493
663260739
1139503823
304921156
1219174648
1195986768
20345580
681375185
118184832
6484690
1258942615
2120970802
2008966700
896318990
347341449
1739249671
918239873
147059003
77740082
1935137940
953512769
1511221900
1478163877
1853397988
1384450779
1256072954
59563791
1552666574
1240613660
318164671
1507739076
242536505
981425410
499759251
547457662
53116410
1695746019
567803242
734491595
1813930851
574287932
1993434210
1787418005
435770984
742269553
2134759454
27537008
1660509426
134334809
105277090
1448163718
1087847579
1616498991
778843947
793761919
853466122
2034916901
853325710
258649048
1128046913
1171490381
1766388124
1370583419
5432143
118663727
1918041081
58548553
1814409747
338360675
793040148
1480856950
912648608
638990711
1120791308
1348419592
1381260264
1108067114
1375956600
894286042
1242401924
1481233691
194966112
182765855
950249034
973810059
976527774
1803715156
861243312
1829853484
2062364204
1989290225
853860217
1681268681
1212389996
859292360
1799932408
982947429
917840913
1466858507
1321308105
1710881061
800231810
86473065
202388124
1921023118
1434892657
1583648388
881606584
663365610
330450782
2124008508
2144599301
525416894
159290715
947364687
1499226953
1135818489
603596195
212986617
818188325
518476751
54793195
1672048542
52261784
1267183191
383857254
1852194193
102646973
1301698167
1171569052
1423955078
865095581
1971800862
1510428143
1067483705
1745340332
797837152
503648446
479463269
1461202762
834099228
455988129
1458318415
1359516123
615278845
258199454
711259428
1751097334
861795649
924246046
421802012
1380272401
979039241
2093850554
1432534185
98738784
330224161
1137244730
201385757
1631922328
161330135
1625340835
349534261
2133130997
988285330
1417017967
1730987682
1786122483
1920666413
62967303
1099841597
607281993
518955432
410676365
1966798116
1134234277
668875819
530573897
737847964
1530671469
1454819943
1159649976
763460222
286375536
1106016882
48510759
385114320
1436241043
1185755490
586500078
920679724
1347085625
64357265
1270213985
1332732974
1052642596
539748304
916237008
691281431
312931069
979204311
1791123028
920213063
1498159744
54315745
739527531
484910373
723191565
1270101428
1222758337
106379386
577437723
234924665
869839608
863813259
1340941548
918350367
1248927580
629698943
2104105857
1835427658
1550378667
1303707834
1899784923
673109005
488957161
804943871
1212857309
1405194169
1496225302
1525788379
236914833
1139864683
298517794
1735074577
1194180428
1038045325
72501302
1917371993
160663106
1295259640
2023751379
738100829
1530184305
746107339
1601914089
723642205
1664457707
703358021
1353341149
1621079916
391302031
756236168
777304103
143603306
1429345173
1266261264
948547178
494718835
523971785
297288832
2020507214
760886618
1437153515
171541360
348477547
483850296
1209586685
420978850
253738641
1370249791
1716238490
130006373
2108350621
1098939147
876113712
1562781062
1822581353
393087771
118655435
1028438854
2014167688
509957466
1784675022
643988143
653560772
1066536548
1910249407
1602107950
1561255383
286737544
1899396783
1434278949
1047624163
1189066650
1605820309
1396101710
1672916946
667923346
1817080560
1926655588
2038173138
1385835402
2056661961
1999040111
337290902
785292025
1414337525
12388607
1178379797
1532992960
1040827461
1045063837
2042950426
678018835
1689051980
549027550
1744555383
1451817739
3651853
1158327118
1738555283
1903048636
445122419
638695798
944631638
2050942728
2034797509
470064937
571382427
1704394421
249236877
462071917
942746176
158415190
313628380
1280037078
943707215
1727965905
1292425685
2122087012
1113475217
185769498
1019667201
1008941995
863788333
561235533
1557969545
460860069
2013053272
1561621398
1619187187
1604124908
1317186386
2064309607
95337058
114334377
1967768687
2130134567
584399314
391667466
1687045341
833636191
853739383
482307869
992051381
1167367763
1762344947
1935758596
747850020
907286984
1910361961
1861325237
1093056482
782545514
722783584
1956844815
1343781048
133269482
270221236
1209350672
1694890880
1889408424
665991932
864593619
1806234383
761328991
978927996
1626519422
743979910
1563327310
2018186889
283541603
249479853
724442624
765849472
1241531234
1891810388
380710771
1029806182
492176760
1287997755
792684495
206018350
233570589
1575230010
928801934
42931757
771527410
1062071416
313152993
1980878082
609478649
55077769
499386367
1474072268
1861312152
1260715358
305516616
1340347927
2004695268
1868843926
1211051168
140753224
2118323779
1935493792
906602696
1212371365
1679820532
1287313468
94693899
24513645
427827575
887378395
230531995
661398165
315124757
1159333929
704329922
1086652167
73921698
1017482915
920046601
683400347
1072560685
1419432968
9988967
786389189
532664678
315505583
2126737116
389876299
36865861
1190304636
530629523
7705992
978314781
1437232219
1220077357
510651665
577062039
1314771256
535165310
1004889615
54666003
765697305
1666287780
369790760
1925031235
223134054
1456442927
1998952933
1240616969
229005881
534869632
165694006
1648438849
544858599
952083196
33619880
860364182
931336664
423496179
897230043
2121641301
954125702
904936035
952472434
243874273
2125013392
1463124099
820936313
1292301000
1998289410
1825825928
1346967004
616503067
1344630060
1716757764
394050654
1567764114
1025717044
245519939
660897435
1254722925
780389571
826591442
755678126
1325248170
1778674638
789298006
38128704
562527654
1212794185
935358747
536685307
19436239
1840294782
1489157741
263310513
1817824526
804798193
1084246826
962641879
655603955
762589106
162125235
1272107022
2107219166
1878882999
1666157677
1527499632
757116395
1911677616
40913419
2011839320
544583540
867504861
620033799
1869831710
498695851
1409331805
1907960415
1061223506
474642343
695835514
1597908813
494078582
388646649
939582907
757389095
58987527
1744381100
1841635921
1021629406
252501407
456741379
1183754641
1524608429
416476897
915153993
1043282458
1943976529
1672270388
807476427
1984889949
1536626061
1352059967
704911162
9176212
1074408029
1203607014
1418508017
834884796
117346872
1893150360
1530720311
1715255685
239745295
1919366960
507354944
997134390
1978354487
104252396
691286664
852500246
356753803
1148028043
2036254887
1881362233
1564504941
803925232
777161043
1360997822
328711973
1584637470
1198404123
1865338034
789213789
1903315286
1874514246
1863621819
959438652
1145538615
551022967
1076785524
891205328
2081743278
644557561
1130950623
1853626590
1151912506
2128085013
1684497430
1256164902
671888029
389514028
1612918706
1819916073
278285267
1346797291
1236937366
1082210500
2123958334
450451540
1410922473
1561112157
1648855664
1128776859
202842298
1404687302
855807457
2066464117
216642306
2001346072
470003437
1293427830
745067752
404263067
1937985391
1876018375
110406010
942414249
1856619741
1794903440
51095504
381024122
36933820
1664014210
53456547
315219087
863327853
1290393913
1397429587
839802539
1740845454
660868412
253431048
1242217470
1789645271
456273347
499421124
497969080
375253816
716063430
351831505
845257253
2009491260
1096899257
1249520321
1799993003
825433985
1359926331
594923605
534570078
1007346123
646019109
915594200
1044279943
162549671
969050748
1359499030
1025877524
111961013
609444970
1865680063
1852806467
1270313382
2119111112
947540289
912475006
427900811
1446961413
1410444086
803154627
15541195
1762275591
1648411881
2025032455
711691201
750448554
1677541811
1537125186
2110374885
124981768
2071695264
970237360
771000877
839805816
2014517303
933550548
1808856564
1226532685
1959428072
1920817578
1835977655
1677624487
1626140397
958807390
1649251951
426197039
1871282396
2077152762
1873158452
1134242834
732823742
1888699648
749034778
233751975
1766248455
1460725979
984200529
1296306618
850367517
947091766
1421288386
774579133
1917329126
44805615
1614384949
1784362781
978356163
1275757866
863411818
790300587
1049091796
551905826
320441427
527748545
1510713216
1969693378
953945584
1234511964
1899362493
679620389
221271150
484702587
420836389
970305928
718454562
39601196
283548259
1702655091
1335907815
1133915776
502263209
609712553
1908494909
272108687
654518169
1375396211
2056471468
1632874332
503670429
772399638
275691272
1552762225
1324305464
596132699
2080510770
687535032
418342429
886972707
1922046996
170221274
1566593096
2143318147
654923861
1987429485
966140427
1373378423
2027030681
1249688687
928549866
1215454848
236120815
1430813075
1825167402
2144615725
1702921762
332201923
1372528288
1611909582
1965076255
1876198717
236825573
93283879
1281477294
1561131037
689416578
1214504416
101182422
1107759008
2101477123
2023229418
1277980282
1520586571
2019063917
1932904144
1360532408
837720697
1158798919
1240079442
2087409384
2087348786
308050642
176046551
1370678213
2133218044
173178628
926116328
317936319
1545706916
390542262
135528927
1274421985
627367835
228812806
408415631
41015225
918229385
1622920048
142197647
2025988393
1576913523
17943417
1156485027
950016447
2037007335
941905523
163065207
727244384
2100704443
1403144649
667170120
2040569581
1711195292
843216671
1263764146
1696929688
1016395300
42396826
2014866008
414618568
432939089
2911287
1689040554
1060306924
231724093
2097456185
1101322149
1149953478
1572892585
1243519796
1028458223
1002322461
1261463214
37459603
1952338908
1150986901
979365126
2115404115
1878231285
932585921
1371065117
397917757
825671854
934776761
1241134428
2089436001
484222801
110046080
2131832827
351605161
524664649
417288268
354516448
66221555
1477595193
586240542
16194092
431433694
1736194020
1589086678
1674953491
617168596
443925491
788933057
654628199
248780751
1939919958
1633993325
216701218
1670667595
419095599
1587766335
2068585352
1244767453
375059448
1162236132
1186719806
859282250
1272282213
1171068986
1210887411
1796946862
1588357254
1565403860
1863168417
918468799
4160754
1879362509
1349902494
1740354774
1320965539
877372337
210039722
1764891030
1666305394
864667921
2013671781
1458741704
351177599
82889352
981925651
770273198
1670655687
903027355
2015040651
2045715136
2065263487
1054276810
757513738
1190062052
77862148
1968401149
839525266
1666219402
1386321361
555210035
437204554
1390482115
287088897
1787107048
983353242
1608054436
516995737
1193392964
1225461819
35817483
2058060886
1091649952
1494559187
261754837
1174539304
329001190
1032028035
697711344
1232028545
899585038
595942832
1149808384
1953861848
1353456570
192386789
2031723996
1174374071
1031912055
1550459751
413211785
1587122091
1987664305
1803693900
1874210988
1627287705
639563494
1334781776
2144283442
1832956459
412759947
32617277
1743533697
1504409900
1527176464
2005288534
531465556
1856177654
889832921
1229176900
940722551
1789417959
1825119732
2090530935
1595796160
1031092654
135434076
1480036508
57983078
1167346132
883012611
471194863
606984575
723193268
127405115
333711915
202997325
766968610
1668493691
199797119
452441421
2081253639
232414396
48491470
1438179891
1759590860
2053780004
1969645447
1468284866
796129277
1051338700
261523769
438063588
728974784
204571057
2033859748
1760067439
340005133
1366412609
1818050517
1507351265
101941572
141761732
2114335840
825134841
269166847
300564107
1028132166
1036135457
1969057799
1227929286
1488576878
1902827790
1460343682
1537068348
1193524033
1072450895
1443364704
1015685832
393252113
92010333
2067024532
654775883
530073922
648515669
859346940
416450022
261099460
1199352073
1782862631
2079149977
559219691
1884804204
73428061
526071883
562455397
342594908
826635991
1590587563
1378730366
648210142
671033201
719823596
403554284
2131376884
109408297
1597078317
1056344131
1552773001
465280501
1449596244
1644783335
384821386
2104372127
27373609
1033337055
816235419
443823631
1294436515
2015587493
79202615
1226102844
427323536
1964006819
1299530905
953395419
378978568
1642125813
1780031410
1969566131
873372531
280757904
493115685
1593196128
684312188
477008921
1702604425
133906857
1533353052
1107893778
599187359
835465648
605193465
984008745
792354128
632567074
2017345800
1608589547
1076390706
1164298667
1476693392
1155593321
242917863
1904016928
972116492
1542448768
709928700
1351095060
1037090933
342476462
1173177543
1910463465
623234367
1666293228
1356175945
1307546555
2143302149
911296722
1441453413
1529171553
2019190500
2040640772
217153554
476900318
877165869
1009507682
1109467392
747028021
470613581
38374450
1911326688
1947306974
1193967771
6760903
1703840254
18600615
1549209671
266285306
1369695675
438816956
608761769
395389571
201796773
1231996136
2061682799
1557972718
392059043
2057501301
321785792
1833512456
1439189206
193492645
1726669580
1656342760
670392963
456351801
518366794
1779860355
1203379822
988980376
1818234806
967222862
788803702
864718929
973983765
345160308
883319545
375709788
611445615
105531572
814526745
1220207384
500921143
1016323518
304719872
415120295
426812589
696778915
325137948
748598381
382807724
1764327154
942091026
2109477304
1273186267
1612483989
418345458
1791553061
1244860697
1621725280
633049789
915611855
441464495
1421853491
1780330784
1415448260
1767013800
516166681
1791158049
230975767
621698254
458201146
1451183151
1122619397
1474524664
1755903023
1537739692
1901337253
305198290
1862877640
502451987
688006014
1479721147
1444543013
649999671
605423766
909543355
1068345129
249493179
6920404
542586761
882542969
922532259
984051256
156912812
555379395
252015869
1923926612
1071546077
2043173918
7418731
1693244331
353891416
1458601882
668380080
1828416080
1067021257
58636125
1582269686
1372219548
1921513765
2084721673
2060225562
1253751264
1381781038
562741585
1859175030
143840745
1631086714
2108668210
150761149
26189828
843727531
1073293408
1010241084
1000640343
1628672804
1262256953
777083308
552735233
1157947223
784502039
98495916
1511838639
95620274
766875996
1192771072
1162641531
825512121
627557110
387377431
599542239
564795135
300119346
1853293503
1946576173
862860931
1564984886
2090416919
346463998
1526169448
93694420
372653826
222413331
1166987829
1382894910
1223053674
648176985
497668216
2000136982
1200912218
1655615439
637155374
1299408134
1019970431
732775648
2066284130
65257855
1895417179
744312604
692814965
135310963
1343854843
1257610100
435430309
1049664698
1056702625
1298291240
467165936
999635896
1644755238
1993335384
1093330317
2017409064
68265067
112834498
1252820327
1291318742
761011483
1750488543
1143972076
1961923701
1258620334
1781127450
1113848187
131107117
366419450
1032648669
196364972
114352982
1776961273
889179937
249663945
973332468
2146790037
685094254
2022997167
1056009015
1983385494
342679455
2055644911
1480657085
188531192
1001491580
1350582501
256796259
1114326078
455919180
1548115001
1875337561
58924075
544603430
1689777614
1317544410
