2000
1920540202
1350000510
223544838
2095625645
1441971383
1090072283
33591551
462713693
504377689
410880882
925134473
1176772723
32477045
81804573
53301294
1979698598
1117679433
1391075569
196796027
1119362681
1160311676
280035756
122204407
2069585105
824690021
1859060528
812997844
1419661963
1089776876
1205511040
1427774619
862833430
408027902
1651319457
810975427
1849999285
593908092
844566978
165229330
1098285781
1255447860
1090363803
127574857
1287924905
1172168377
180876151
1120139855
142364162
1571951721
1316935882
1261726844
584779749
1596971638
1383931251
506881206
274178011
1095508131
1319879050
1693839974
37801359
377906442
974130945
900634789
785934344
477966754
1711610216
488449981
1071874847
408693546
653679312
22676980
1664141406
1744043115
150251837
804582663
768727844
331127989
1924722518
911092007
1903079710
1094174752
25335203
340375811
543662743
1409266454
847257017
817840754
357290937
19652420
364197081
395092296
397558862
1338328026
1295727085
1183493207
1816294781
859853653
1671943188
740685980
1268547199
178138852
763362960
785204957
1922181968
913614798
1589787620
543426164
1244742787
1367026490
1454518171
1000338849
313717594
1479853374
1340714660
857380337
741636180
40488029
1675221092
1098927117
60140449
2039418173
1494019413
457699312
1230262551
642262850
1641192519
899073684
1502116503
1165652059
1639759664
623180054
1343790912
255638977
1408385011
1118489232
1169253775
850688983
1661915396
266512914
70231825
968949920
1266851763
383949420
301319646
460082775
1241329757
1042955827
500570804
769067201
2141882944
560711254
661001726
1488418710
1018410566
1891264278
2130681560
512119437
642854314
1485314416
1677771496
135130331
2108494470
874078760
390769308
1369395834
1992567992
1560023083
72601169
1506999741
1826535997
142832995
328466013
945904112
526782415
629785659
1405986887
1768112172
1672741486
1906557691
389695726
1667140783
319785297
1050697452
1008075845
1338195863
794478082
991273757
1850315300
1437332397
329104525
1380603149
1572462728
290115348
107198261
1963232036
1659511182
2099766254
1375771471
1732112351
1459282347
1054823820
1874945346
1787748360
2000727932
254244113
270050371
1259231171
2022356286
1942791858
1018305214
264568364
1462448993
1338090512
1315265816
323041190
528802727
2109743899
1314314947
231634380
1399592648
1643419473
1612237529
824571728
1933534821
1719435790
640320116
1445562355
1671718396
2016091587
1030191058
983517095
923431759
757652757
623781807
776676043
1011896870
893832179
2035907214
886769508
689140389
906728780
1151337872
4105734
97335644
319120041
327146924
626138372
281380292
1641461871
857772752
1680972940
1137397696
322526633
358061020
923448869
2041962423
998381136
221527576
1566197172
866989075
1251718635
402230619
1790420834
2009371392
1026012427
419613229
873784614
1919844606
308036795
1760554123
461501347
1214765575
764408347
465607081
1312101220
1083528388
792754005
1938239592
1364908680
286732228
648528696
898397972
1424129925
971055329
1256458992
200095146
865534104
107356480
421622723
284247628
974345555
1673341358
686478248
617282741
1535229102
1712490675
1036895970
261530068
1484851633
1344932765
2022084191
1946352980
412214693
639008891
264476413
1724315913
1722537279
1057230418
1515071857
939962312
1343962646
16116905
1838360284
620608923
987172234
947335629
820704070
1852706338
1054692109
1242326793
2136953967
2029037665
768184503
675948567
498836758
155929957
240955594
1535732729
417460025
1725807227
733181846
292060569
1524676559
1145396539
931069460
1789152972
722228804
506123091
698899742
89817013
1446085403
2042862388
105933918
1136962040
515987664
1093106152
2084297669
1336691734
798328843
991506130
431534879
787799162
873060147
1199719382
1463747729
1371896906
1355649339
1704703323
760145987
1773109364
1283026902
1493327833
2065169933
660219813
491240725
848755745
301889137
1213469529
1354878837
1000788879
1303286543
653480592
896167619
1409220461
1790442632
1412155283
354842966
1727256653
601363369
1153171809
571279136
1032898248
1940970971
1444339283
85133982
1257235052
668752541
1440783321
814454727
1428898528
1066409038
2097481629
774742714
984095323
610217794
1265983439
1832851069
912106931
331969320
1040246258
1912895810
1635255863
1693726850
661579781
896992677
1336685835
2073735065
1251835643
916458840
527614786
257523804
1487737976
1560513035
51011127
784593612
1645647017
1308246179
1453346153
938946691
2122700906
734761034
2005355729
2072698887
1509503748
841967404
535433033
628003539
527334825
1447539964
959972859
1567581083
1212952126
447745075
1113824286
1874531907
1344737752
303026473
1800783324
449089747
1219485313
180914463
706613551
559739642
1741427498
757624678
1344333254
1239590867
2065870857
650195759
31053910
2041088115
1384956793
2036409639
1966303354
746976893
730893396
354252739
1374980432
1258228221
1801792703
187469644
678325657
867261181
635214719
1792149943
594309440
1979952471
2095176416
247609117
281558570
1167178081
428523580
988172121
1726917723
22467430
1745796799
923767329
1262058297
1664184008
1573963089
1293112208
1557788475
811436234
1182038199
1376608181
1558413128
1912931595
1730860920
785909912
1023676169
1385169975
973379556
1702001826
104947508
1608594275
1346668121
699256948
1441063098
1294360889
946866065
1722621668
314055322
1375389645
563310141
2040973046
1397857075
161623292
817256727
512431725
1825807300
243736168
1805543933
1236112127
1055172403
840098484
465236660
466101883
605546432
48613932
1252011795
1629222601
1433783907
77907704
1183740779
1538731415
1686501979
382925252
90504716
980081430
1677286141
1037370781
555219450
1991341463
265276779
1118529592
1884830861
1663133854
1280152884
554603941
28081931
958476537
798340109
1833625864
47105016
1853512512
526240701
512341677
172130747
1131787133
560955609
1424142543
613526086
1994739517
1502050247
1797266865
1385987284
1041068578
32708469
1476492000
2021150008
1709994610
366379134
428885811
1553852425
631655913
1547415403
1291199639
147306119
680084639
1845803580
175388051
1638561176
496660041
2009013915
1685666193
202688906
387770968
50524222
374819653
1519558101
611479831
1798962196
2133084187
458735700
1153528795
1782867404
1844722985
47113726
1815575873
1173731337
2068263734
1378086835
1540110471
349665897
784455613
24282736
1897081300
2075655252
171588856
429682292
1773975184
346976907
2068243468
123151577
208507174
1606426013
325840483
596278143
1656950235
700660137
2115836244
120946419
352138685
2101436784
579682119
1505667481
1736820540
276921456
1552781207
1404912766
1450652794
1473561293
635515953
843279617
1823227191
1419971566
867562354
1572824843
1348143170
1039151210
2002507135
974634706
1386128117
1923266956
1097786284
1594635291
1382209321
1423626767
43429786
891675909
2124286904
11782383
1012622328
328941942
2113219167
1592304447
1834609423
1702556059
1869225904
1239906982
959985177
1172395050
565984627
1595501131
2015674667
241728170
867989049
735753373
1814553014
68648572
1774904583
1669576501
1043283278
1013549052
1445359809
2141069562
460700696
680085483
1417212682
504130482
1571761392
1394015938
515912865
436900072
1722957880
481648384
2029204519
1410083655
36720796
1750946775
502506989
996705973
775858177
1068491617
444723456
644049197
1310219787
1312712506
1379802570
977289153
1381361078
1007223506
499382007
277160708
2020772558
1944741816
270746623
333989606
477343651
1687959305
838120089
2049105043
934491595
1354032954
338521467
509965828
1835681339
220242339
1920049483
1872402135
1971189114
275072825
721624460
599563644
1343564442
1166347917
1243612841
506300581
331576775
475931763
1483589735
1712937853
1483155269
1982971742
1990098561
1356444180
1780229910
113361536
1690433786
110089914
1801320841
381070227
11711309
588328789
1735103182
350232777
1098294617
1423300873
570475116
870860452
1148219360
394180582
1145933277
1869843820
993744226
342014071
888708089
89873419
848314653
1220284864
565805183
184420740
785739069
2048960452
19908834
628353983
1257920984
1800138744
741715519
800871123
1910228658
395552713
1181941350
1921939968
983881502
769560884
124689097
2082176119
45378109
695164213
805552923
1193597469
1089344795
1951486201
915957642
2083089022
146016624
1804665731
25478793
994331277
877466948
591283976
1178752017
1663206017
492760781
1198660851
144076352
1750681765
851315948
885791872
404069240
614060958
1281344585
1586010591
388517278
117742439
208087827
513206375
52434910
253465937
1208370588
857987833
1447063406
150231736
661990386
215537400
85837110
808007011
2020203132
111315903
1802338288
750186432
702599880
833606658
265908801
1195360661
2032267509
409985154
798558778
736099809
1295777026
1202628019
1350160768
429637963
641154962
1738678046
547380402
849242789
104400774
599815312
1102708726
1312771362
1457803145
402288485
1463003098
2119793532
617825885
1548840208
780316895
490545369
1660156112
435171535
1240731801
215272344
1268778193
1506640603
1410633005
1153562055
1916625757
61708135
1889661864
1064919135
1264336154
1092338984
1494557098
1905491116
683533383
2041937500
607250258
787934157
494269164
1709958984
2100705519
1952072309
2112247469
1416224970
1924382193
582589707
817581530
557215440
1073135076
330253994
992386976
166383230
545526338
113681521
1673023833
1956159343
1267243576
1442165942
2017867479
1009421793
359601429
1134719985
2101760777
1854158527
892727454
637810512
1748612379
1499977712
1425744669
95397895
1062453048
1378966541
2047470204
1027216870
647707863
1824368750
1609806577
1465289393
234100542
535458005
1795543388
1226487518
701841235
193586078
1340169040
227381420
2261774
459928968
1669547362
2020129253
1469350761
2029148791
1007365590
1423627891
1735823670
1900093044
2061438403
1336952401
1252587108
1339699425
1432350296
167556509
571182318
1332336853
1194773379
1218890181
1009221955
657096308
536695926
1243322497
1192554313
184755666
322326368
1894395549
378341745
1662495408
2121776969
380603519
2122424376
1643840684
253249124
1444291490
1525505827
1260614714
720435733
1113845850
1013224111
634390488
303314603
118327571
1974089913
1735664900
285884080
397788583
920518105
1480657459
1616678764
1929740060
2137753767
5891043
1025578909
1182824433
190646709
1347905277
929736334
568988454
862917037
904029655
949591973
837857766
400386691
1202841097
134665608
1925892519
315972164
855101341
892254721
1329196275
1489491829
1195569324
1447523846
1316098095
783750576
1733407927
1713886678
1704268681
1066581738
1183081795
1486525093
1056851858
1188972838
364620355
92192643
1379619547
1712525632
1021928977
1948608002
427959022
1925958632
750716327
1265816788
178861676
1953557425
1400482396
2104754195
122045941
108100089
849525268
1451242216
1597591918
2045094592
751282414
766206365
681361521
337206693
332609396
238146554
1403788432
1515691191
1724671648
313156642
557180381
2089292003
405349285
1936799928
1654333987
1427278262
1737924282
2082293009
1205753246
341156962
1200626149
1384614922
147230739
453624897
1341885469
269276680
561724986
43927089
1720518896
11833257
2089021682
324317662
778039622
622899555
661524356
1110649018
861046109
2065312788
478856561
438234109
230985782
1036036942
380042464
636335067
825353223
2034376452
2063613329
415793857
1969185813
1121882927
756950819
1022328315
359014202
904181558
1475953212
1700899671
1173458238
2037678199
1744826761
746493486
2049511456
1686364795
1070811149
680067430
161780702
1732335505
1790716449
1022826811
1650164645
122089362
1461060921
1881150427
1158126305
1841103385
370001846
1983479528
1727996189
286131527
251789737
1549698355
1408014454
1008740557
424543022
1767028656
1912922115
1900496234
1320444680
938896706
1790690785
917787793
1685390192
1692718593
456668940
608717693
225302376
618449642
193569550
2016018825
1641276453
1843734195
2138108187
954853726
1577400974
1148750844
648473464
1947402820
984746724
228986005
86050699
1236536462
1778684360
1494065154
97793371
55743734
1113610162
2010715486
1956239969
286571194
802128544
1599447106
1204358987
340035089
1144682052
1661027927
948752782
1369984428
131993921
1142322333
1238519605
1773270375
838572880
1229144144
580640453
268490207
230411341
1229113917
68409379
1215158065
1458099923
154460079
304210879
1089300635
1648525233
402004250
1145044370
614651747
265236089
953800691
901222942
1067364633
405764149
2105581929
1407399722
1550446201
1619126209
208668857
772946981
1751120130
1350991190
2011466586
1376906857
42080422
1093127083
1957547311
310570629
1323538424
1039177580
378980009
391212841
349793855
533440088
695423721
1439094491
34481673
1097427971
436655213
649133420
1362664060
1390455904
1550356362
282545046
1796220053
1508454644
1689944768
1199182607
980097205
1898613625
1972129588
583733687
1102121167
1836112527
1960640545
1144201590
781755962
1770704208
1454772219
2105294386
662398140
1833752228
349023579
1012191996
219708668
1044447300
303802839
254190341
2141875272
740458052
903323762
1357055684
2130913956
306196476
1639600730
1779650361
1814651120
1182061851
831349320
647264677
933191828
655995261
1230998365
2035312996
344624140
1044155262
1032030938
1126380102
667375822
339319509
1084190840
1329773962
25588090
1433214419
194482310
245296758
330178072
498285149
499487100
324569696
1238743201
1402810862
1681625380
1222173509
1709007338
1173742463
854340223
1376174811
208320666
1685689543
2023439488
1141512494
194201156
1106954205
1029341842
538825296
3625819
2061372780
1665205398
671001641
253208642
601912590
2000775604
278796732
2035127010
47774266
524093490
217821434
546059416
1023580590
542391130
1784802617
278907804
76532862
859492479
1987915143
1250275325
1713832702
1216606306
1458595991
1252038597
1092562146
452624838
1446239754
52032704
1481966680
1985065050
55658523
1395855813
1502786801
726660165
1649064455
2104699391
579952121
1927861187
1992342753
627726387
304471029
62680539
1173785803
1328051620
605071669
811104773
1606959424
681604532
1670597252
1447390919
1931879857
1236946306
516513577
1242992201
341501255
1609075724
1695617039
1787741009
1661108428
1030100071
1625322412
1716766951
278472236
980625565
295943468
1927536691
937841308
875895589
1707914230
782700414
1503621977
2012385260
845380953
529924132
1192953232
1450452623
1341028905
652429008
2132057155
864142509
2099819928
1916453364
2101088815
468849857
1011961917
295106423
2077925581
560095308
2082847432
1591550361
1590195380
1560686196
1160833665
1868667616
393828113
1456777133
1648720660
1331669422
185189075
1209151242
2114369836
1688811052
1074052854
812267141
71251536
119522438
115236116
1412280442
771951447
99809623
128939303
724287727
2016262988
82544471
1193137584
880741257
377650894
1123579518
1440836566
313014678
567646231
883548298
1873700875
1728479896
604732266
120045340
1037773382
105969278
1451714762
1222962457
1315120521
1418600950
764289861
241689727
83384444
835541397
361212166
198620560
100338191
1133163613
298430184
229277495
1857451340
167209524
311821966
903105276
1047950781
689472860
2026684794
341303699
1002487538
446847378
1224851997
728704765
27843626
1829584264
848750106
1065617008
1935553542
152981220
141095817
1103190415
1571582171
905385678
1344880143
1654966615
1740927076
1706092309
1853587175
1841265267
691772274
4533711
2070542762
401739966
171743235
234881080
1304845242
1219694017
924353940
1184046389
1560997716
1926841479
1630893767
638366066
508062596
1658737393
320466682
1356812702
576870754
108536576
1509793923
717966571
1211726992
933892446
1623352250
409123487
441375413
1216795678
2115215796
147478940
910577297
659504422
152012652
833636412
1061244388
323755887
1068517492
218605982
1543449904
1992871433
1402652371
956963973
1772229264
886062490
1595330039
132808212
397316236
1915796721
1489620915
974186990
2024333297
851931190
1692153561
1088576641
1785823636
1168022163
1497700128
79715401
237334193
1465432276
227194341
1147911491
2124936698
379206993
1981547903
1038697438
702962881
902581747
1257303421
98929137
747969532
512472144
1055893110
372715148
1398534635
503739501
505523361
1795850871
272052574
1995144276
622554213
148902224
699591818
167224126
1237478865
337931806
1335246290
587695346
417647207
1572580483
2053127622
644841548
573008326
2030580673
1024048542
407072581
921794463
1727011423
1309654329
31614236
1825940560
2057623861
544086381
734350023
282855362
1942621016
1238089524
788378723
1590988239
1510142099
636039351
66058804
1659044323
1335631169
233282930
749039540
1673562975
1568529220
1336734886
2091210182
993626056
1242378861
588568082
1566634382
1125475886
1612616624
1973706964
2047270349
1192144399
1135877645
2078884586
870601312
1046017858
475487319
1604951335
1328873220
270624687
695557211
2117251943
1861612926
58215662
605807646
1927671730
1717259985
1941438815
13471012
318815878
1467518142
1582000233
1655550764
1411244676
428142641
750445977
1999812759
1994777023
1875921863
1464945735
1821000339
1775708565
509606487
809394336
1707109503
1380207799
1855412195
35113174
837675486
1036801767
305737861
1533232697
1006570063
19867139
1591448360
1612377709
1947538869
1161224697
1406332877
1961009881
1480040575
726367371
1395526466
988107692
2137612048
1823669107
1738553669
1989941159
1670962483
1466991885
1307403246
1344479174
1095216802
1817009733
6389863
654842657
1049733884
1861802058
689955831
1887409370
751120177
995693692
1273158420
1757690240
1015560831
717123132
1222584302
815616052
1878347829
481433531
629142285
1210904757
1207800902
2024668752
51528801
1197929302
1700854211
1790082470
1040386813
1224333046
1109590707
200306412
421328573
57323861
2017316145
427718436
712166518
919566382
142036846
1402122349
659492104
893157023
250332393
1932650524
503363616
1265893224
502290008
1725947918
2081509276
233154190
59897801
563167914
1444058947
1267698703
440353018
1495587748
318144358
2141207229
1138186570
1358531171
1218056628
100293630
1558837583
1639385201
157617491
1428670081
2067103637
869784010
200752815
61656835
124422711
860244919
954813858
374755105
645411796
1458177474
1640648329
1147701804
1036641744
1574673958
1380855994
1096539545
2137841872
677431293
216754601
430711242
25535393
534898959
424434823
1163721964
1893430130
1642491451
1264015594
1304784066
1134393004
1421633085
585970499
1054012993
143933447
786723314
1115669828
268356159
1646968233
2070483687
643111264
144896381
1381177513
136275945
1292598186
270335610
1710949903
525970532
1366875155
1701308127
1203401826
1583629756
2132019369
1228937219
2118528715
408970545
245175535
1864475198
2051461996
1509191129
1021775616
1038371353
783340567
1607746115
2092384346
927274014
246985781
1060570527
1195630173
1893954014
983570566
1838741437
2038850396
217264431
1975017383
1183964934
487600041
1538483638
1709935466
1854475197
1092308118
765853644
1290621305
1076843839
1994790864
1261666373
1485814384
92482751
978657923
1389792733
1601673881
2000433539
280680438
237530800
1460696006
225581136
1164804814
1707681787
1286151663
212951340
1454152153
122238581
2051692777
1345518901
339503013
1879226512
382000187
827103054
1270226503
2091935654
534094603
215050973
710305650
1824715909
1291894812
557612866
938898634
630225549
650095618
1917556557
2020018282
104285851
1770506448
153215072
341816651
1083718806
378796208
1506621465
643916945
1664947872
1719572805
2098069098
1787186453
1623781935
1296104352
2126689466
1355524799
1678104539
806308873
478267654
1622556545
1340403476
693318627
185378548
1017635737
1985213440
742991414
1956534371
467955341
1393087032
1726607280
340489975
1497372883
1349630080
493705047
1839189534
285865238
872501255
1198327352
929782183
389965479
770416509
880367634
29668285
246714796
28988338
8874103
1602239596
1707092877
815182976
2080507250
1182165775
8102805
626342230
1367544323
1025738542
464072022
2110535737
834789266
932027363
1356139122
413912898
1272517338
706028357
1763542979
1766222385
397734244
2049408217
491239992
1596061596
831706753
881205472
218994457
1712074387
910873757
465709254
1741062725
919747860
2067948850
1300671954
1734930837
2000972452
335354081
1743033642
479831034
1702898404
621288536
943903056
1665950494
1456077802
1875930419
874605968
1869990701
1000964109
1580634325
1486050032
619702846
1978368569
1387974601
1110942839
1426946517
72197706
1992148311
1645940975
1784272093
755538420
2111650229
1377851170
1675286280
2032115431
531039477
1262733469
1885604235
866393558
858283463
217951622
421808315
1479572000
1161854678
2087758809
788166154
890301450
814881129
510673207
1891265559
248031806
1996723239
363484758
78916728
1237214193
1474427597
1505863245
1309411899
1319092260
1004320572
946200345
2074630680
968487153
176567867
1602433312
853118936
707607344
717683134
591239524
1574000903
1575966597
809191146
1995809218
908054949
1971045824
1936084379
1696221104
713863626
603481860
59410663
457645538
851513666
2056133903
821130296
930430394
1145864448
148074245
288809992
307792699
1467166505
1293130564
1253993044
1394313537
114134070
1430560912
849263201
967253006
2138168256
1566946335
1558492530
1564685511
995429285
220200028
1413011081
1903484234
43762205
1201611812
1452221690
757625831
1805093672
1511632354
1215271369
509123691
1420282609
2036401665
1439554085
418663409
