1000
1920540202
1350000510
223544838
2095625645
1441971383
1090072283
33591551
462713693
504377689
410880882
925134473
1176772723
32477045
81804573
53301294
1979698598
1117679433
1391075569
196796027
1119362681
1160311676
280035756
122204407
2069585105
824690021
1859060528
812997844
1419661963
1089776876
1205511040
1427774619
862833430
408027902
1651319457
810975427
1849999285
593908092
844566978
165229330
1098285781
1255447860
1090363803
127574857
1287924905
1172168377
180876151
1120139855
142364162
1571951721
1316935882
1261726844
584779749
1596971638
1383931251
506881206
274178011
1095508131
1319879050
1693839974
37801359
377906442
974130945
900634789
785934344
477966754
1711610216
488449981
1071874847
408693546
653679312
22676980
1664141406
1744043115
150251837
804582663
768727844
331127989
1924722518
911092007
1903079710
1094174752
25335203
340375811
543662743
1409266454
847257017
817840754
357290937
19652420
364197081
395092296
397558862
1338328026
1295727085
1183493207
1816294781
859853653
1671943188
740685980
1268547199
178138852
763362960
785204957
1922181968
913614798
1589787620
543426164
1244742787
1367026490
1454518171
1000338849
313717594
1479853374
1340714660
857380337
741636180
40488029
1675221092
1098927117
60140449
2039418173
1494019413
457699312
1230262551
642262850
1641192519
899073684
1502116503
1165652059
1639759664
623180054
1343790912
255638977
1408385011
1118489232
1169253775
850688983
1661915396
266512914
70231825
968949920
1266851763
383949420
301319646
460082775
1241329757
1042955827
500570804
769067201
2141882944
560711254
661001726
1488418710
1018410566
1891264278
2130681560
512119437
642854314
1485314416
1677771496
135130331
2108494470
874078760
390769308
1369395834
1992567992
1560023083
72601169
1506999741
1826535997
142832995
328466013
945904112
526782415
629785659
1405986887
1768112172
1672741486
1906557691
389695726
1667140783
319785297
1050697452
1008075845
1338195863
794478082
991273757
1850315300
1437332397
329104525
1380603149
1572462728
290115348
107198261
1963232036
1659511182
2099766254
1375771471
1732112351
1459282347
1054823820
1874945346
1787748360
2000727932
254244113
270050371
1259231171
2022356286
1942791858
1018305214
264568364
1462448993
1338090512
1315265816
323041190
528802727
2109743899
1314314947
231634380
1399592648
1643419473
1612237529
824571728
1933534821
1719435790
640320116
1445562355
1671718396
2016091587
1030191058
983517095
923431759
757652757
623781807
776676043
1011896870
893832179
2035907214
886769508
689140389
906728780
1151337872
4105734
97335644
319120041
327146924
626138372
281380292
1641461871
857772752
1680972940
1137397696
322526633
358061020
923448869
2041962423
998381136
221527576
1566197172
866989075
1251718635
402230619
1790420834
2009371392
1026012427
419613229
873784614
1919844606
308036795
1760554123
461501347
1214765575
764408347
465607081
1312101220
1083528388
792754005
1938239592
1364908680
286732228
648528696
898397972
1424129925
971055329
1256458992
200095146
865534104
107356480
421622723
284247628
974345555
1673341358
686478248
617282741
1535229102
1712490675
1036895970
261530068
1484851633
1344932765
2022084191
1946352980
412214693
639008891
264476413
1724315913
1722537279
1057230418
1515071857
939962312
1343962646
16116905
1838360284
620608923
987172234
947335629
820704070
1852706338
1054692109
1242326793
2136953967
2029037665
768184503
675948567
498836758
155929957
240955594
1535732729
417460025
1725807227
733181846
292060569
1524676559
1145396539
931069460
1789152972
722228804
506123091
698899742
89817013
1446085403
2042862388
105933918
1136962040
515987664
1093106152
2084297669
1336691734
798328843
991506130
431534879
787799162
873060147
1199719382
1463747729
1371896906
1355649339
1704703323
760145987
1773109364
1283026902
1493327833
2065169933
660219813
491240725
848755745
301889137
1213469529
1354878837
1000788879
1303286543
653480592
896167619
1409220461
1790442632
1412155283
354842966
1727256653
601363369
1153171809
571279136
1032898248
1940970971
1444339283
85133982
1257235052
668752541
1440783321
814454727
1428898528
1066409038
2097481629
774742714
984095323
610217794
1265983439
1832851069
912106931
331969320
1040246258
1912895810
1635255863
1693726850
661579781
896992677
1336685835
2073735065
1251835643
916458840
527614786
257523804
1487737976
1560513035
51011127
784593612
1645647017
1308246179
1453346153
938946691
2122700906
734761034
2005355729
2072698887
1509503748
841967404
535433033
628003539
527334825
1447539964
959972859
1567581083
1212952126
447745075
1113824286
1874531907
1344737752
303026473
1800783324
449089747
1219485313
180914463
706613551
559739642
1741427498
757624678
1344333254
1239590867
2065870857
650195759
31053910
2041088115
1384956793
2036409639
1966303354
746976893
730893396
354252739
1374980432
1258228221
1801792703
187469644
678325657
867261181
635214719
1792149943
594309440
1979952471
2095176416
247609117
281558570
1167178081
428523580
988172121
1726917723
22467430
1745796799
923767329
1262058297
1664184008
1573963089
1293112208
1557788475
811436234
1182038199
1376608181
1558413128
1912931595
1730860920
785909912
1023676169
1385169975
973379556
1702001826
104947508
1608594275
1346668121
699256948
1441063098
1294360889
946866065
1722621668
314055322
1375389645
563310141
2040973046
1397857075
161623292
817256727
512431725
1825807300
243736168
1805543933
1236112127
1055172403
840098484
465236660
466101883
605546432
48613932
1252011795
1629222601
1433783907
77907704
1183740779
1538731415
1686501979
382925252
90504716
980081430
1677286141
1037370781
555219450
1991341463
265276779
1118529592
1884830861
1663133854
1280152884
554603941
28081931
958476537
798340109
1833625864
47105016
1853512512
526240701
512341677
172130747
1131787133
560955609
1424142543
613526086
1994739517
1502050247
1797266865
1385987284
1041068578
32708469
1476492000
2021150008
1709994610
366379134
428885811
1553852425
631655913
1547415403
1291199639
147306119
680084639
1845803580
175388051
1638561176
496660041
2009013915
1685666193
202688906
387770968
50524222
374819653
1519558101
611479831
1798962196
2133084187
458735700
1153528795
1782867404
1844722985
47113726
1815575873
1173731337
2068263734
1378086835
1540110471
349665897
784455613
24282736
1897081300
2075655252
171588856
429682292
1773975184
346976907
2068243468
123151577
208507174
1606426013
325840483
596278143
1656950235
700660137
2115836244
120946419
352138685
2101436784
579682119
1505667481
1736820540
276921456
1552781207
1404912766
1450652794
1473561293
635515953
843279617
1823227191
1419971566
867562354
1572824843
1348143170
1039151210
2002507135
974634706
1386128117
1923266956
1097786284
1594635291
1382209321
1423626767
43429786
891675909
2124286904
11782383
1012622328
328941942
2113219167
1592304447
1834609423
1702556059
1869225904
1239906982
959985177
1172395050
565984627
1595501131
2015674667
241728170
867989049
735753373
1814553014
68648572
1774904583
1669576501
1043283278
1013549052
1445359809
2141069562
460700696
680085483
1417212682
504130482
1571761392
1394015938
515912865
436900072
1722957880
481648384
2029204519
1410083655
36720796
1750946775
502506989
996705973
775858177
1068491617
444723456
644049197
1310219787
1312712506
1379802570
977289153
1381361078
1007223506
499382007
277160708
2020772558
1944741816
270746623
333989606
477343651
1687959305
838120089
2049105043
934491595
1354032954
338521467
509965828
1835681339
220242339
1920049483
1872402135
1971189114
275072825
721624460
599563644
1343564442
1166347917
1243612841
506300581
331576775
475931763
1483589735
1712937853
1483155269
1982971742
1990098561
1356444180
1780229910
113361536
1690433786
110089914
1801320841
381070227
11711309
588328789
1735103182
350232777
1098294617
1423300873
570475116
870860452
1148219360
394180582
1145933277
1869843820
993744226
342014071
888708089
89873419
848314653
1220284864
565805183
184420740
785739069
2048960452
19908834
628353983
1257920984
1800138744
741715519
800871123
1910228658
395552713
1181941350
1921939968
983881502
769560884
124689097
2082176119
45378109
695164213
805552923
1193597469
1089344795
1951486201
915957642
2083089022
146016624
1804665731
25478793
994331277
877466948
591283976
1178752017
1663206017
492760781
1198660851
144076352
1750681765
851315948
885791872
404069240
614060958
1281344585
1586010591
388517278
117742439
208087827
513206375
52434910
253465937
1208370588
857987833
1447063406
150231736
661990386
215537400
85837110
808007011
2020203132
111315903
1802338288
750186432
702599880
833606658
265908801
1195360661
2032267509
409985154
798558778
736099809
1295777026
1202628019
1350160768
429637963
641154962
1738678046
547380402
849242789
104400774
599815312
1102708726
1312771362
1457803145
402288485
1463003098
2119793532
617825885
1548840208
780316895
490545369
1660156112
435171535
1240731801
215272344
1268778193
1506640603
1410633005
1153562055
1916625757
61708135
1889661864
1064919135
1264336154
1092338984
1494557098
1905491116
683533383
2041937500
607250258
787934157
494269164
1709958984
2100705519
1952072309
2112247469
1416224970
1924382193
582589707
817581530
557215440
1073135076
330253994
992386976
166383230
545526338
113681521
1673023833
1956159343
1267243576
1442165942
2017867479
1009421793
359601429
1134719985
2101760777
1854158527
892727454
637810512
1748612379
1499977712
1425744669
95397895
1062453048
1378966541
2047470204
1027216870
647707863
1824368750
1609806577
1465289393
234100542
535458005
1795543388
1226487518
701841235
193586078
1340169040
227381420
2261774
459928968
1669547362
2020129253
1469350761
2029148791
1007365590
1423627891
1735823670
1900093044
2061438403
1336952401
1252587108
1339699425
1432350296
167556509
571182318
1332336853
1194773379
1218890181
1009221955
657096308
536695926
1243322497
1192554313
184755666
322326368
1894395549
378341745
1662495408
2121776969
380603519
2122424376
1643840684
253249124
1444291490
1525505827
1260614714
720435733
1113845850
1013224111
634390488
303314603
118327571
1974089913
1735664900
285884080
397788583
920518105
1480657459
1616678764
1929740060
2137753767
5891043
1025578909
1182824433
190646709
1347905277
929736334
568988454
862917037
904029655
949591973
837857766
400386691
1202841097
134665608
1925892519
315972164
855101341
892254721
1329196275
1489491829
1195569324
1447523846
1316098095
783750576
1733407927
1713886678
1704268681
1066581738
1183081795
1486525093
1056851858
1188972838
364620355
92192643
1379619547
1712525632
1021928977
1948608002
427959022
